At time 1730217453.23137994
- Translation: [0.000, 0.000, 0.000]
- Rotation: in Quaternion [0.000, 0.000, -0.707, 0.707]
- Rotation: in RPY (radian) [0.000, 0.000, -1.571]
- Rotation: in RPY (degree) [0.000, 0.000, -89.994]
- Matrix:
  0.000  1.000  0.000  0.000
 -1.000  0.000 -0.000  0.000
 -0.000  0.000  1.000  0.000
  0.000  0.000  0.000  1.000
At time 1730217454.31182171
- Translation: [0.000, 0.000, 0.000]
- Rotation: in Quaternion [0.000, 0.000, -0.707, 0.707]
- Rotation: in RPY (radian) [0.000, 0.000, -1.571]
- Rotation: in RPY (degree) [0.000, 0.000, -89.994]
- Matrix:
  0.000  1.000  0.000  0.000
 -1.000  0.000 -0.000  0.000
 -0.000  0.000  1.000  0.000
  0.000  0.000  0.000  1.000
At time 1730217455.22747584
- Translation: [0.000, 0.000, 0.000]
- Rotation: in Quaternion [0.000, 0.000, 0.954, -0.301]
- Rotation: in RPY (radian) [0.000, -0.000, -2.531]
- Rotation: in RPY (degree) [0.000, -0.000, -144.998]
- Matrix:
 -0.819  0.574  0.000  0.000
 -0.574 -0.819  0.000  0.000
  0.000  0.000  1.000  0.000
  0.000  0.000  0.000  1.000
At time 1730217456.30695610
- Translation: [0.000, 0.000, 0.000]
- Rotation: in Quaternion [0.000, 0.000, 0.992, 0.126]
- Rotation: in RPY (radian) [0.000, -0.000, 2.888]
- Rotation: in RPY (degree) [0.000, -0.000, 165.498]
- Matrix:
 -0.968 -0.250  0.000  0.000
  0.250 -0.968  0.000  0.000
  0.000  0.000  1.000  0.000
  0.000  0.000  0.000  1.000
At time 1730217457.23260566
- Translation: [0.006, -0.096, 0.000]
- Rotation: in Quaternion [0.000, 0.000, -0.684, 0.729]
- Rotation: in RPY (radian) [0.000, 0.000, -1.507]
- Rotation: in RPY (degree) [0.000, 0.000, -86.327]
- Matrix:
  0.064  0.998  0.000  0.006
 -0.998  0.064 -0.000 -0.096
 -0.000  0.000  1.000  0.000
  0.000  0.000  0.000  1.000
At time 1730217458.30979406
- Translation: [1.613, -0.013, 0.000]
- Rotation: in Quaternion [0.000, 0.000, 0.137, 0.991]
- Rotation: in RPY (radian) [0.000, -0.000, 0.275]
- Rotation: in RPY (degree) [0.000, -0.000, 15.781]
- Matrix:
  0.962 -0.272  0.000  1.613
  0.272  0.962  0.000 -0.013
  0.000  0.000  1.000  0.000
  0.000  0.000  0.000  1.000
At time 1730217459.23531690
- Translation: [1.993, 0.742, 0.000]
- Rotation: in Quaternion [0.000, 0.000, 0.437, 0.899]
- Rotation: in RPY (radian) [0.000, -0.000, 0.904]
- Rotation: in RPY (degree) [0.000, -0.000, 51.815]
- Matrix:
  0.618 -0.786  0.000  1.993
  0.786  0.618  0.000  0.742
  0.000  0.000  1.000  0.000
  0.000  0.000  0.000  1.000
At time 1730217460.30530542
- Translation: [2.092, 1.158, 0.000]
- Rotation: in Quaternion [0.000, 0.000, 0.511, 0.860]
- Rotation: in RPY (radian) [0.000, -0.000, 1.072]
- Rotation: in RPY (degree) [0.000, -0.000, 61.403]
- Matrix:
  0.479 -0.878  0.000  2.092
  0.878  0.479  0.000  1.158
  0.000  0.000  1.000  0.000
  0.000  0.000  0.000  1.000
At time 1730217461.23294427
- Translation: [1.678, 1.255, 0.000]
- Rotation: in Quaternion [0.000, 0.000, 0.700, 0.714]
- Rotation: in RPY (radian) [0.000, -0.000, 1.552]
- Rotation: in RPY (degree) [0.000, -0.000, 88.897]
- Matrix:
  0.019 -1.000  0.000  1.678
  1.000  0.019  0.000  1.255
  0.000  0.000  1.000  0.000
  0.000  0.000  0.000  1.000
At time 1730217462.30808250
- Translation: [1.488, 1.574, 0.000]
- Rotation: in Quaternion [0.000, 0.000, 0.675, 0.738]
- Rotation: in RPY (radian) [0.000, -0.000, 1.482]
- Rotation: in RPY (degree) [0.000, -0.000, 84.919]
- Matrix:
  0.089 -0.996  0.000  1.488
  0.996  0.089  0.000  1.574
  0.000  0.000  1.000  0.000
  0.000  0.000  0.000  1.000
At time 1730217463.23518377
- Translation: [2.159, 1.365, 0.000]
- Rotation: in Quaternion [0.000, 0.000, 0.532, 0.847]
- Rotation: in RPY (radian) [0.000, -0.000, 1.121]
- Rotation: in RPY (degree) [0.000, -0.000, 64.226]
- Matrix:
  0.435 -0.901  0.000  2.159
  0.901  0.435  0.000  1.365
  0.000  0.000  1.000  0.000
  0.000  0.000  0.000  1.000
At time 1730217464.31048303
- Translation: [2.114, 0.927, 0.000]
- Rotation: in Quaternion [-0.000, -0.000, 0.684, 0.729]
- Rotation: in RPY (radian) [-0.000, -0.000, 1.507]
- Rotation: in RPY (degree) [-0.000, -0.000, 86.365]
- Matrix:
  0.063 -0.998 -0.000  2.114
  0.998  0.063  0.000  0.927
  0.000 -0.000  1.000  0.000
  0.000  0.000  0.000  1.000
At time 1730217465.22904800
- Translation: [1.812, 1.620, 0.000]
- Rotation: in Quaternion [0.000, 0.000, 0.661, 0.750]
- Rotation: in RPY (radian) [0.000, -0.000, 1.445]
- Rotation: in RPY (degree) [0.000, -0.000, 82.778]
- Matrix:
  0.126 -0.992  0.000  1.812
  0.992  0.126  0.000  1.620
  0.000  0.000  1.000  0.000
  0.000  0.000  0.000  1.000
At time 1730217466.30713184
- Translation: [1.747, 1.322, 0.000]
- Rotation: in Quaternion [0.000, 0.000, 0.717, 0.697]
- Rotation: in RPY (radian) [0.000, -0.000, 1.600]
- Rotation: in RPY (degree) [0.000, -0.000, 91.657]
- Matrix:
 -0.029 -1.000  0.000  1.747
  1.000 -0.029  0.000  1.322
  0.000  0.000  1.000  0.000
  0.000  0.000  0.000  1.000
At time 1730217467.23514682
- Translation: [2.066, 1.499, 0.000]
- Rotation: in Quaternion [0.000, 0.000, 0.530, 0.848]
- Rotation: in RPY (radian) [0.000, -0.000, 1.118]
- Rotation: in RPY (degree) [0.000, -0.000, 64.072]
- Matrix:
  0.437 -0.899  0.000  2.066
  0.899  0.437  0.000  1.499
  0.000  0.000  1.000  0.000
  0.000  0.000  0.000  1.000
At time 1730217468.31456308
- Translation: [1.383, 0.410, 0.000]
- Rotation: in Quaternion [0.000, 0.000, 0.920, 0.391]
- Rotation: in RPY (radian) [0.000, -0.000, 2.337]
- Rotation: in RPY (degree) [0.000, -0.000, 133.915]
- Matrix:
 -0.694 -0.720  0.000  1.383
  0.720 -0.694  0.000  0.410
  0.000  0.000  1.000  0.000
  0.000  0.000  0.000  1.000
At time 1730217469.23306620
- Translation: [0.738, 0.102, 0.000]
- Rotation: in Quaternion [0.000, 0.000, 0.856, 0.518]
- Rotation: in RPY (radian) [0.000, -0.000, 2.053]
- Rotation: in RPY (degree) [0.000, -0.000, 117.634]
- Matrix:
 -0.464 -0.886  0.000  0.738
  0.886 -0.464  0.000  0.102
  0.000  0.000  1.000  0.000
  0.000  0.000  0.000  1.000
At time 1730217470.31190700
- Translation: [0.371, 0.025, 0.000]
- Rotation: in Quaternion [0.000, 0.000, 0.818, 0.575]
- Rotation: in RPY (radian) [0.000, -0.000, 1.915]
- Rotation: in RPY (degree) [0.000, -0.000, 109.739]
- Matrix:
 -0.338 -0.941  0.000  0.371
  0.941 -0.338  0.000  0.025
  0.000  0.000  1.000  0.000
  0.000  0.000  0.000  1.000
At time 1730217471.23318591
- Translation: [0.187, 0.006, 0.000]
- Rotation: in Quaternion [0.000, 0.000, 0.798, 0.602]
- Rotation: in RPY (radian) [0.000, -0.000, 1.849]
- Rotation: in RPY (degree) [0.000, -0.000, 105.965]
- Matrix:
 -0.275 -0.961  0.000  0.187
  0.961 -0.275  0.000  0.006
  0.000  0.000  1.000  0.000
  0.000  0.000  0.000  1.000
At time 1730217472.30816041
- Translation: [0.093, 0.001, 0.000]
- Rotation: in Quaternion [0.000, 0.000, 0.788, 0.615]
- Rotation: in RPY (radian) [0.000, -0.000, 1.816]
- Rotation: in RPY (degree) [0.000, -0.000, 104.074]
- Matrix:
 -0.243 -0.970  0.000  0.093
  0.970 -0.243  0.000  0.001
  0.000  0.000  1.000  0.000
  0.000  0.000  0.000  1.000
